#0P1644T1000#1P1128T1000#2P1676T1000#3P1020T1000#4P2070T1000
1504,1840,1504,1020,2070
#0P1412T1000#1P1356T1000#2P2064T1000#3P1008T1000#4P2070T1000
1272,1612,1892,1008,2070
#0P1928T1000#1P1332T1000#2P2032T1000#3P1008T1000#4P2070T1000
1788,1636,1860,1008,2070
#0P1652T1000#1P1104T1000#2P1652T1000#3P960T1000#4P2070T1000
1512,1864,1480,960,2070
#0P1588T1000#1P1204T1000#2P1832T1000#3P960T1000#4P2070T1000
1448,1764,1660,960,2070
#0P1744T1000#1P1204T1000#2P1832T1000#3P960T1000#4P2070T1000
1604,1764,1660,960,2070
