288
106 50 
106 51 
106 52 
106 53 
106 54 
106 55 
106 56 
106 57 
106 58 
106 59 
106 60 
106 61 
106 62 
106 63 
106 64 
106 65 
106 66 
106 67 
106 68 
106 69 
106 70 
106 71 
106 72 
106 73 
106 74 
106 75 
106 76 
106 77 
106 78 
106 79 
106 80 
106 81 
106 82 
106 83 
106 84 
106 85 
106 86 
106 87 
106 88 
106 89 
106 90 
106 91 
106 92 
106 93 
106 94 
106 95 
106 96 
106 97 
106 98 
106 99 
106 100 
106 101 
106 102 
106 103 
106 104 
106 105 
106 106 
106 107 
106 108 
106 109 
106 110 
106 111 
106 112 
106 113 
106 114 
106 115 
106 116 
106 117 
106 118 
106 119 
106 120 
106 121 
106 122 
106 123 
106 124 
106 125 
106 126 
107 126 
107 127 
107 128 
108 128 
108 129 
109 129 
109 130 
109 131 
110 131 
110 132 
110 133 
111 133 
111 134 
111 135 
111 136 
112 136 
112 137 
112 138 
112 139 
113 139 
113 140 
113 141 
113 142 
113 143 
113 144 
113 145 
113 146 
113 147 
114 147 
114 148 
114 149 
113 149 
113 150 
113 151 
113 152 
113 153 
113 154 
113 155 
113 156 
113 157 
112 157 
112 158 
112 159 
112 160 
111 160 
111 161 
111 162 
111 163 
110 163 
110 164 
110 165 
109 165 
109 166 
109 167 
108 167 
108 168 
107 168 
107 169 
107 170 
106 170 
106 171 
105 171 
105 172 
104 172 
104 173 
104 174 
103 174 
103 175 
103 176 
102 176 
101 176 
100 176 
100 177 
99 177 
98 177 
98 178 
97 178 
97 179 
96 179 
95 179 
95 180 
94 180 
93 180 
93 181 
92 181 
91 181 
91 182 
90 182 
90 183 
90 184 
90 185 
90 186 
90 187 
90 188 
90 189 
90 190 
90 191 
89 191 
89 192 
89 193 
89 194 
88 194 
88 195 
88 196 
88 197 
87 197 
87 198 
87 199 
87 200 
87 201 
87 202 
87 203 
87 204 
87 205 
86 205 
86 206 
86 207 
87 207 
87 208 
87 209 
87 210 
87 211 
87 212 
87 213 
87 214 
87 215 
87 216 
87 217 
87 218 
87 219 
87 220 
87 221 
87 222 
87 223 
87 224 
87 225 
87 226 
87 227 
87 228 
87 229 
87 230 
87 231 
87 232 
87 233 
87 234 
87 235 
87 236 
87 237 
88 237 
89 237 
90 237 
90 238 
90 239 
90 240 
90 241 
90 242 
90 243 
90 244 
90 245 
90 246 
90 247 
90 248 
90 249 
90 250 
90 251 
90 252 
90 253 
90 254 
90 255 
90 256 
90 257 
90 258 
90 259 
90 260 
90 261 
90 262 
90 263 
90 264 
90 265 
90 266 
90 267 
90 268 
90 269 
90 270 
90 271 
90 272 
90 273 
90 274 
90 275 
90 276 
90 277 
90 278 
90 279 
90 280 
90 281 
90 282 
90 283 
90 284 
90 285 
90 286 
90 287 
90 288 
90 289 
90 290 
90 291 
90 292 
90 293 
90 294 
90 295 
90 296 
90 297 
